6 5
50 30 10
120 130 2
200 200 10
160 50 6
20 100 15
70 60 2
10 200 30
90 90 15
150 10 5
100 40 25
70 160 15
correto: 90 570 35
solução do programa: 90 570 35

5 5
200 200 10
120 130 2
50 30 10
160 50 6
20 100 15
10 200 30
90 90 15
150 10 5
100 40 25
70 160 15
correto: 90 600 43
solução do programa: 90 780 43

6 7
50 30 10
120 130 2
200 200 10
160 50 6
20 100 15
70 60 2
10 200 30
90 90 15
150 10 5
100 40 25
70 160 15
180 100 1
180 110 50
correto: 140 780 45
solução do programa: 140 820 45

11 7
50 30 10
120 130 2
200 200 10
160 50 6
20 100 15
70 60 2
80 60 1
170 70 37
110 170 72
90 100 22
190 140 15
10 200 30
90 90 15
150 10 5
100 40 25
70 160 15
180 100 1
180 110 50
correto: 141 670 51
solução do programa: 141 750 51

7 11
50 30 10
120 130 2
200 200 10
160 50 6
20 100 15
70 60 2
80 60 1
10 200 30
90 90 15
150 10 5
100 40 25
70 160 15
180 100 1
180 110 50
170 70 37
110 170 72
90 100 22
190 140 15
correto: 251 1190 46
solução do programa: 251 1030 46
